8.639785280607229652e+03
1.268051834374935424e+05
2.381019760293756553e+05
3.447633689849464572e+05
4.453517907650812413e+05
5.412106055878071347e+05
6.295233957877588691e+05
7.084086788052170305e+05
7.805696733741188655e+05
8.438658284991731634e+05
8.988197267923647305e+05
9.435862550511503359e+05
9.800313966872673482e+05
1.009522774470711476e+06
1.032598012848995975e+06
1.050114837757802568e+06
1.062079805782295763e+06
1.071376225367300212e+06
1.076704716759894975e+06
1.082022198089401936e+06
1.085365752583223395e+06
1.085344343711343594e+06
1.086736774591194233e+06
1.087464360264918767e+06
1.086383735367175657e+06
1.086534421235570451e+06
1.084951053289361298e+06
1.083402730778434779e+06
1.082406041010388406e+06
1.081617453094539931e+06
1.080424060390325496e+06
1.079196332035138970e+06
1.078180913244605064e+06
1.077425821723826695e+06
1.076687302353758365e+06
1.075525446788383648e+06
1.074798698872364825e+06
1.074169829646894010e+06
1.073598892801287351e+06
1.073146784483566182e+06
1.072786339220154332e+06
1.072446131732928567e+06
1.072181357349818340e+06
1.071988914003230864e+06
1.071835778765163152e+06
1.071817562686952529e+06
1.071891359465846559e+06
1.072074584877520101e+06
1.072287051406205166e+06
1.072525071219767444e+06
1.072872526980504161e+06
1.073277856802708935e+06
1.073730209583026823e+06
1.074267217882780358e+06
1.074887214601487853e+06
1.075568173013763502e+06
1.076291208011853974e+06
1.077046786813037470e+06
1.077903560575243784e+06
1.078814372507646680e+06
1.079780505891709356e+06
1.080800818899734179e+06
1.081878560290261405e+06
1.083004285562074045e+06
1.084180442908445140e+06
1.085429435994296102e+06
1.086719377676608507e+06
1.088044702732048463e+06
1.089436395711253630e+06
1.090867207262135111e+06
1.092354622622153722e+06
1.093900800064938841e+06
1.095500510931514902e+06
1.097130024056437192e+06
1.098823920759883709e+06
1.100527973401807481e+06
1.102309375628049253e+06
1.104130074711857131e+06
1.105977767584606772e+06
1.107905784852121957e+06
1.109851986789283575e+06
1.111858726209647488e+06
1.113898820887277136e+06
1.115980422119177412e+06
1.118114065210833447e+06
1.120255916603490943e+06
1.122454299720164621e+06
1.124722298467786517e+06
1.127014350434015272e+06
1.129355167344289832e+06
1.131717604087195126e+06
1.134127576701745624e+06
1.136595855131077813e+06
1.139071797021547798e+06
1.141607763772886945e+06
1.144183341491702013e+06
1.146797744116434129e+06
1.149458370506199542e+06
1.152143228581660194e+06
1.154873315109313466e+06
1.157652035345829790e+06
1.160465177360063884e+06
1.163323541787469527e+06
1.166214408825160936e+06
1.169135784127809107e+06
1.172096598991213599e+06
1.175093083130803425e+06
1.178157589684689883e+06
1.181229172124270117e+06
1.184322175608303165e+06
1.187522961815475021e+06
1.190708661873205565e+06
1.193941639285220997e+06
1.197222938725580694e+06
1.200504618762616767e+06
1.203898344362779520e+06
1.207312182131003588e+06
1.210717642067159759e+06
1.214203289370376151e+06
1.217721640282798093e+06
1.221265326030645054e+06
1.224895657752985600e+06
1.228545154110710835e+06
1.232190792194741312e+06
1.235945026854815660e+06
1.239686362901885528e+06
1.243459490132124163e+06
1.247322375792079605e+06
1.251235336330899969e+06
1.255188883634836180e+06
1.259145854087072425e+06
1.263125475546828937e+06
1.267183557568209944e+06
1.271295409225280397e+06
1.275445046623147093e+06
1.279648661763527896e+06
1.283911996980590047e+06
1.288180907054855721e+06
1.292514570901992265e+06
1.296903562849631067e+06
1.301355859741749242e+06
1.305836379526393022e+06
1.310349101724457927e+06
1.314935968379966682e+06
1.319561966842592461e+06
1.324227916744357208e+06
1.328955437074232148e+06
1.333775417284328723e+06
1.338554143471350893e+06
1.343418817412380129e+06
1.348397554615353933e+06
1.353397704343643971e+06
1.358450453386219917e+06
1.363576688577106921e+06
1.368706978317363188e+06
1.373923672752064420e+06
1.379255994996212656e+06
1.384626549240238266e+06
1.389976683825224172e+06
1.395408864358721534e+06
1.400959677344003692e+06
1.406595248588147573e+06
1.412267995949882083e+06
1.418003156811830588e+06
1.423804624375615269e+06
1.429698717434259364e+06
1.435630297770671314e+06
1.441619274979711743e+06
1.447745429554600734e+06
1.453994420530838892e+06
1.460171556881906465e+06
1.466484562273774995e+06
1.472845637426360045e+06
1.479412687376602320e+06
1.486051101129759336e+06
1.492733583364373539e+06
1.499436941605081083e+06
1.506272396648458438e+06
1.513199996866582660e+06
1.520214686494945316e+06
1.527376196066977922e+06
1.534596946645430522e+06
1.541941620630571619e+06
1.549429933647115482e+06
1.556932833523406880e+06
1.564586315377327614e+06
1.572363069073330378e+06
1.580285388696790207e+06
1.588321369567138376e+06
1.596485640669740736e+06
1.604732225364984479e+06
1.613145172987753991e+06
1.621691383489080705e+06
1.630284314638457028e+06
1.639093767854653765e+06
1.648154679156017024e+06
1.657320493354454404e+06
1.666512613065406680e+06
1.675949393265795428e+06
1.685552188253858360e+06
1.695326337369546993e+06
1.705292665944598150e+06
1.715423531819442753e+06
1.725848310190831311e+06
1.736396049164766679e+06
1.747080035770999966e+06
1.757924294776932802e+06
1.769166141767058289e+06
1.780553073972530663e+06
1.792274110036184313e+06
1.804011391118772794e+06
1.816197907884477172e+06
1.828675893571301363e+06
1.841418595654802630e+06
1.854393573554333765e+06
1.867648180056276266e+06
1.881020109751320677e+06
1.894981688832732383e+06
1.909387396837603766e+06
1.923914630278719822e+06
1.938994269330536248e+06
1.954291761025577551e+06
1.969938457366805291e+06
1.986060533391961362e+06
2.002581321212372510e+06
2.019811211230555782e+06
2.037256366282494739e+06
2.055177050191750051e+06
2.073816956096449634e+06
2.093156190264959820e+06
2.112746021107386798e+06
2.132929032983005978e+06
2.154014579770878423e+06
2.175685480325200129e+06
2.197669400951079559e+06
2.220836231249065138e+06
2.244462667350545526e+06
2.269196063904916402e+06
2.294606422567081638e+06
2.320599500209789723e+06
2.347387449778125621e+06
2.375386830095320474e+06
2.403911868145549204e+06
2.433487408082830254e+06
2.463980370498071890e+06
2.495478819020261988e+06
2.527058956182567868e+06
2.559567734872599598e+06
2.592463038490145002e+06
2.625064879414891358e+06
