4.497900306392277857e-03
4.483664690802697216e-03
4.466236235632419990e-03
4.449973362419444578e-03
4.432068911595361642e-03
4.410487058286453182e-03
4.393394131496524725e-03
4.373451785646867429e-03
4.354158460725975933e-03
4.337885782325800153e-03
4.320267315183968365e-03
4.300600070112143430e-03
4.282118111537220120e-03
4.264084716628586784e-03
4.245584236058801142e-03
4.228204340572790619e-03
4.209482762121382997e-03
4.192170791486412272e-03
4.174141978074685615e-03
4.156298469898805741e-03
4.138774596989326475e-03
4.119906882118571333e-03
4.102025052359003013e-03
4.084356839344379514e-03
4.066243494233750047e-03
4.048696235121459694e-03
4.029849530139402274e-03
4.012149190859785018e-03
3.994288294591576312e-03
3.975987021643809412e-03
3.957625464460021864e-03
3.939564809288326024e-03
3.921456452786193335e-03
3.903390902751270510e-03
3.885571805506508273e-03
3.867421286652898259e-03
3.849400131718863464e-03
3.830782583829775347e-03
3.813069584006180315e-03
3.795342973852766817e-03
3.777282517879832196e-03
3.759010691838406571e-03
3.740905943748570276e-03
3.722796684041441550e-03
3.704609675955853124e-03
3.686658417911033245e-03
3.668537651640627235e-03
3.650462551657564399e-03
3.632593683257064575e-03
3.614596790544383296e-03
3.596559005099361946e-03
3.578364033338313991e-03
3.560372158344368015e-03
3.542193412286570673e-03
3.523912747018007052e-03
3.506014209643854799e-03
3.488147031924796176e-03
3.470285461084412874e-03
3.451825602316004743e-03
3.433753900564674808e-03
3.415678972460426104e-03
3.397577375183219277e-03
3.379455896778923649e-03
3.361554303860687151e-03
3.343455493146706148e-03
3.325169994690927496e-03
3.307187835056257276e-03
3.289170263960795610e-03
3.271115871936516699e-03
3.253237552086189234e-03
3.235121653565851702e-03
3.216887513828415018e-03
3.198670260576057071e-03
3.180713850446474037e-03
3.162515276838721075e-03
3.144691085660966841e-03
3.126579278176162650e-03
3.108451133078214169e-03
3.090566879051958715e-03
3.072308379966381866e-03
3.054247884674683288e-03
3.036116425078398424e-03
3.017916514491738970e-03
2.999964729761345900e-03
2.981855732642004191e-03
2.963820842914525328e-03
2.945894770406292697e-03
2.927683126387325887e-03
2.909690790485355925e-03
2.891462462724639446e-03
2.873442963703067791e-03
2.855334143770808363e-03
2.837341472692266574e-03
2.819376291540742242e-03
2.801294180709089799e-03
2.783145611975761623e-03
2.765003648855375064e-03
2.747029298998856280e-03
2.728982314024189920e-03
2.710911724390377853e-03
2.692802738948323320e-03
2.674715815936150494e-03
2.656521725991776040e-03
2.638477530711271987e-03
2.620477211797750741e-03
2.602342362061196672e-03
2.584380280142378750e-03
2.566216189865790261e-03
2.548235770378914997e-03
2.530296917060588947e-03
2.511918695008569496e-03
2.494042565928951405e-03
2.476005777338401853e-03
2.457851854721599966e-03
2.439975504043508797e-03
2.421650773722168817e-03
2.403556969702382463e-03
2.385699066236683479e-03
2.367488963222663580e-03
2.349429499391215981e-03
2.331421335506151694e-03
2.313140894876056057e-03
2.295046408218149193e-03
2.277219121794247896e-03
2.258900489983962576e-03
2.240933418545790982e-03
2.223121672951823384e-03
2.204888057158209055e-03
2.186706486501164941e-03
2.168545706590971085e-03
2.150550233495464921e-03
2.132678079738319511e-03
2.114634082089914512e-03
2.096563324838539820e-03
2.078421800059420625e-03
2.060310556321911808e-03
2.042149983857451286e-03
2.024137750421883125e-03
2.006082603348877547e-03
1.987992362370821341e-03
1.969813001959687566e-03
1.951738339520727242e-03
1.933738359194358018e-03
1.915588472836809606e-03
1.897520088366697836e-03
1.879529030611609393e-03
1.861442133911167572e-03
1.843223627226013052e-03
1.825358019738214550e-03
1.807370675685269004e-03
1.789157147592612381e-03
1.771082271442229582e-03
1.752993880254677958e-03
1.734874071345096462e-03
1.716904028256840010e-03
1.698919298854823174e-03
1.680679815689027417e-03
1.662511717839912926e-03
1.644664780770081292e-03
1.626752999027462074e-03
1.608564552056106602e-03
1.590379576098216712e-03
1.572300222848026056e-03
1.554201773842657985e-03
1.536170153407868336e-03
1.518080867899436123e-03
1.500078770532414741e-03
1.482041155789385212e-03
1.463884112257698511e-03
1.445619876494904851e-03
1.427764506551761460e-03
1.409732925609541833e-03
1.391904552089029672e-03
1.373501776373412669e-03
1.355269321127152522e-03
1.337198652016095357e-03
1.319263908774571427e-03
1.301218515867271679e-03
1.283197489889094161e-03
1.265178182237405337e-03
1.247063913825576919e-03
1.229012336753181143e-03
1.210894092362318651e-03
1.192748549687227795e-03
1.174789952093805790e-03
1.156732476593581166e-03
1.138615223929799122e-03
1.120548311638312018e-03
1.102459163108653398e-03
1.084338066754201137e-03
1.066326688851352948e-03
1.048159492274637833e-03
1.030020232552495470e-03
1.012209315658398967e-03
9.941323498358308787e-04
9.759314364407764000e-04
9.576634726026852671e-04
9.397850205635473403e-04
9.218024127555689761e-04
9.037040002122692954e-04
8.855703062035567797e-04
8.674698892830675929e-04
8.494144355127549242e-04
8.312212875599367346e-04
8.131892418900013792e-04
7.951666658586054861e-04
7.772550280293420016e-04
7.590535630616203171e-04
7.410361581456184924e-04
7.227751406483587816e-04
7.049407150342538488e-04
6.868735704688524492e-04
6.686449825846700178e-04
6.504495290072405660e-04
6.324411600116457231e-04
6.144718645674327340e-04
5.965666254586869926e-04
5.783376018292690941e-04
5.601135755953224856e-04
5.420119633130595412e-04
5.238692943863422838e-04
5.059446961420064866e-04
4.878995869105838524e-04
4.699404676255044167e-04
4.519184142348203737e-04
4.335430753820992099e-04
4.155020868171271030e-04
3.975301003721951444e-04
3.794585834640866137e-04
3.613708854733274915e-04
3.432898429343328884e-04
3.252895202646636889e-04
3.073523038379802146e-04
2.891446304583820829e-04
2.709787951214172818e-04
2.529459613355722076e-04
2.349289330910948935e-04
2.168909551893214566e-04
1.986720622471116514e-04
1.805359575769599240e-04
1.629993552854489447e-04
1.447142970925564180e-04
1.263391378878713390e-04
1.082752250055410572e-04
9.094053672755612395e-05
7.290989547868793517e-05
5.390132161489516130e-05
3.639664948104871713e-05
1.838988416823726839e-05
2.871010142781549958e-06
