1.000000000000000000e+00
4.026024096385542066e+02
8.042048192771084132e+02
1.205807228915662563e+03
1.607409638554216826e+03
2.009012048192771090e+03
2.410614457831325126e+03
2.812216867469879617e+03
3.213819277108433653e+03
3.615421686746987689e+03
4.017024096385542180e+03
4.418626506024096670e+03
4.820228915662650252e+03
5.221831325301204743e+03
5.623433734939759233e+03
6.025036144578312815e+03
6.426638554216867306e+03
6.828240963855421796e+03
7.229843373493975378e+03
7.631445783132529868e+03
8.033048192771084359e+03
8.434650602409637941e+03
8.836253012048193341e+03
9.237855421686746922e+03
9.639457831325300504e+03
1.004106024096385590e+04
1.044266265060240949e+04
1.084426506024096307e+04
1.124586746987951847e+04
1.164746987951807205e+04
1.204907228915662563e+04
1.245067469879518103e+04
1.285227710843373461e+04
1.325387951807228819e+04
1.365548192771084359e+04
1.405708433734939717e+04
1.445868674698795076e+04
1.486028915662650616e+04
1.526189156626505974e+04
1.566349397590361332e+04
1.606509638554216872e+04
1.646669879518072412e+04
1.686830120481927588e+04
1.726990361445783128e+04
1.767150602409638668e+04
1.807310843373493844e+04
1.847471084337349384e+04
1.887631325301204924e+04
1.927791566265060101e+04
1.967951807228915641e+04
2.008112048192771181e+04
2.048272289156626357e+04
2.088432530120481897e+04
2.128592771084337437e+04
2.168753012048192613e+04
2.208913253012048153e+04
2.249073493975903693e+04
2.289233734939758870e+04
2.329393975903614410e+04
2.369554216867469950e+04
2.409714457831325126e+04
2.449874698795180666e+04
2.490034939759036206e+04
2.530195180722891382e+04
2.570355421686746922e+04
2.610515662650602462e+04
2.650675903614457638e+04
2.690836144578313178e+04
2.730996385542168719e+04
2.771156626506023895e+04
2.811316867469879435e+04
2.851477108433734975e+04
2.891637349397590151e+04
2.931797590361445691e+04
2.971957831325301231e+04
3.012118072289156407e+04
3.052278313253011947e+04
3.092438554216867487e+04
3.132598795180722664e+04
3.172759036144578204e+04
3.212919277108433744e+04
3.253079518072288920e+04
3.293239759036144824e+04
3.333400000000000000e+04
3.373560240963855176e+04
3.413720481927711080e+04
3.453880722891566256e+04
3.494040963855421433e+04
3.534201204819277336e+04
3.574361445783132513e+04
3.614521686746987689e+04
3.654681927710843593e+04
3.694842168674698769e+04
3.735002409638553945e+04
3.775162650602409849e+04
3.815322891566265025e+04
3.855483132530120201e+04
3.895643373493976105e+04
3.935803614457831281e+04
3.975963855421686458e+04
4.016124096385542362e+04
4.056284337349397538e+04
4.096444578313252714e+04
4.136604819277108618e+04
4.176765060240963794e+04
4.216925301204818970e+04
4.257085542168674874e+04
4.297245783132530050e+04
4.337406024096385227e+04
4.377566265060241130e+04
4.417726506024096307e+04
4.457886746987951483e+04
4.498046987951807387e+04
4.538207228915662563e+04
4.578367469879517739e+04
4.618527710843373643e+04
4.658687951807228819e+04
4.698848192771083995e+04
4.739008433734939899e+04
4.779168674698795076e+04
4.819328915662650252e+04
4.859489156626506156e+04
4.899649397590361332e+04
4.939809638554216508e+04
4.979969879518072412e+04
5.020130120481927588e+04
5.060290361445782764e+04
5.100450602409638668e+04
5.140610843373493844e+04
5.180771084337349021e+04
5.220931325301204924e+04
5.261091566265060101e+04
5.301251807228915277e+04
5.341412048192771181e+04
5.381572289156626357e+04
5.421732530120481533e+04
5.461892771084337437e+04
5.502053012048192613e+04
5.542213253012047790e+04
5.582373493975903693e+04
5.622533734939758870e+04
5.662693975903614046e+04
5.702854216867469950e+04
5.743014457831325126e+04
5.783174698795180302e+04
5.823334939759036206e+04
5.863495180722891382e+04
5.903655421686746558e+04
5.943815662650602462e+04
5.983975903614457638e+04
6.024136144578312815e+04
6.064296385542168719e+04
6.104456626506023895e+04
6.144616867469879071e+04
6.184777108433734975e+04
6.224937349397590151e+04
6.265097590361445327e+04
6.305257831325301231e+04
6.345418072289156407e+04
6.385578313253011584e+04
6.425738554216867487e+04
6.465898795180722664e+04
6.506059036144577840e+04
6.546219277108433744e+04
6.586379518072289648e+04
6.626539759036144824e+04
6.666700000000000000e+04
6.706860240963855176e+04
6.747020481927710352e+04
6.787180722891565529e+04
6.827340963855422160e+04
6.867501204819277336e+04
6.907661445783132513e+04
6.947821686746987689e+04
6.987981927710842865e+04
7.028142168674698041e+04
7.068302409638554673e+04
7.108462650602409849e+04
7.148622891566265025e+04
7.188783132530120201e+04
7.228943373493975378e+04
7.269103614457830554e+04
7.309263855421687185e+04
7.349424096385542362e+04
7.389584337349397538e+04
7.429744578313252714e+04
7.469904819277107890e+04
7.510065060240963066e+04
7.550225301204819698e+04
7.590385542168674874e+04
7.630545783132530050e+04
7.670706024096385227e+04
7.710866265060240403e+04
7.751026506024095579e+04
7.791186746987952210e+04
7.831346987951807387e+04
7.871507228915662563e+04
7.911667469879517739e+04
7.951827710843372915e+04
7.991987951807228092e+04
8.032148192771084723e+04
8.072308433734939899e+04
8.112468674698795076e+04
8.152628915662650252e+04
8.192789156626505428e+04
8.232949397590360604e+04
8.273109638554217236e+04
8.313269879518072412e+04
8.353430120481927588e+04
8.393590361445782764e+04
8.433750602409637941e+04
8.473910843373493117e+04
8.514071084337349748e+04
8.554231325301204924e+04
8.594391566265060101e+04
8.634551807228915277e+04
8.674712048192770453e+04
8.714872289156625629e+04
8.755032530120482261e+04
8.795192771084337437e+04
8.835353012048192613e+04
8.875513253012047790e+04
8.915673493975902966e+04
8.955833734939758142e+04
8.995993975903614773e+04
9.036154216867469950e+04
9.076314457831325126e+04
9.116474698795180302e+04
9.156634939759035478e+04
9.196795180722890655e+04
9.236955421686747286e+04
9.277115662650602462e+04
9.317275903614457638e+04
9.357436144578312815e+04
9.397596385542167991e+04
9.437756626506023167e+04
9.477916867469879799e+04
9.518077108433734975e+04
9.558237349397590151e+04
9.598397590361445327e+04
9.638557831325300504e+04
9.678718072289155680e+04
9.718878313253012311e+04
9.759038554216867487e+04
9.799198795180722664e+04
9.839359036144577840e+04
9.879519277108433016e+04
9.919679518072288192e+04
9.959839759036144824e+04
1.000000000000000000e+05
