8.749491406770723188e+03
5.553853392097714823e+04
9.714693659164306882e+04
1.348643472918916959e+05
1.688072543579463090e+05
1.997242643455731450e+05
2.263652169554446300e+05
2.496654361419263296e+05
2.709786020624850062e+05
2.892315255253241048e+05
3.058667385303055053e+05
3.194493443420380354e+05
3.311844336716794642e+05
3.414528015289009199e+05
3.500274344524890184e+05
3.571307878588808817e+05
3.623263381444533588e+05
3.669836910785236978e+05
3.699275113456494291e+05
3.727806776329454151e+05
3.747973626690835226e+05
3.751454490546029410e+05
3.757359964423609199e+05
3.758263644985738792e+05
3.750600535455335048e+05
3.742776171759456047e+05
3.726663940224773251e+05
3.708876609052420827e+05
3.690394082138530794e+05
3.672122706036273739e+05
3.650276964991766145e+05
3.626919327832076233e+05
3.603342754480386502e+05
3.580438880597490352e+05
3.556855456422095303e+05
3.531435852952166460e+05
3.507495530886224005e+05
3.483592466306802817e+05
3.460945801332495757e+05
3.438765724698018748e+05
3.417659272594799986e+05
3.397000622558522155e+05
3.377139352922013495e+05
3.358461013332385919e+05
3.340855138060530880e+05
3.324960853050829610e+05
3.310466877887279261e+05
3.297650790176703595e+05
3.286374059319373337e+05
3.275994628557408578e+05
3.267560041729180375e+05
3.260738511325648287e+05
3.255410181158281048e+05
3.252041084498466225e+05
3.250813551557217143e+05
3.251366403890069341e+05
3.253293646541671478e+05
3.257226523181124940e+05
3.263013669136613607e+05
3.270946769930435694e+05
3.280920548288121354e+05
3.292448448622475844e+05
3.306229732459015213e+05
3.321781199631616473e+05
3.339233456845640321e+05
3.359021598934435169e+05
3.380537532496663043e+05
3.403530242304136045e+05
3.428951990672862739e+05
3.456431956972514163e+05
3.485621836227156455e+05
3.516783109274175367e+05
3.550176115861777216e+05
3.585193906762003317e+05
3.622391314071037923e+05
3.660576891173556796e+05
3.701291099599138252e+05
3.743503645159197622e+05
3.787315349425256718e+05
3.833683366384947440e+05
3.880998915083835600e+05
3.930397673353177379e+05
3.981202710006560665e+05
4.033524136233802419e+05
4.087756274357120856e+05
4.142539726179026766e+05
4.199098216456073569e+05
4.257863004456933704e+05
4.317519569794593845e+05
4.378691460694134585e+05
4.440610523723469814e+05
4.503924650733179296e+05
4.568870090256046969e+05
4.634010414497804595e+05
4.700783142049212474e+05
4.768571721380599192e+05
4.837316596637033508e+05
4.906998308775281184e+05
4.977223267648757901e+05
5.048385280828903196e+05
5.120551339303354034e+05
5.193200041167291929e+05
5.266681806589110056e+05
5.340600856204193551e+05
5.414778453230840387e+05
5.489489048691028729e+05
5.564573029182150494e+05
5.640695596569740446e+05
5.716416712680961937e+05
5.792069513846974587e+05
5.869554934418041958e+05
5.945996969001074322e+05
6.022818845045245253e+05
6.100050624556145631e+05
6.176398620395691833e+05
6.254606214981885860e+05
6.332314518375606276e+05
6.408969192117527127e+05
6.486588116753357463e+05
6.563966324965818785e+05
6.641022697191842599e+05
6.719061510218731128e+05
6.796373379304525442e+05
6.872557042852115119e+05
6.950348203693857649e+05
7.026763661784018623e+05
7.102711344085503370e+05
7.179703404523121426e+05
7.256431710325937020e+05
7.333255907907072688e+05
7.409019736172537087e+05
7.484142075196703663e+05
7.559874013143748743e+05
7.635501944502316182e+05
7.711205393272883957e+05
7.786550755014381139e+05
7.862114635340191890e+05
7.936851686082497472e+05
8.011787968708015978e+05
8.086677474952938501e+05
8.161692018718400504e+05
8.236387027527933242e+05
8.310646203042549314e+05
8.385284451643552165e+05
8.459626340851192363e+05
8.533749944968122290e+05
8.608073721402814845e+05
8.682912030073968926e+05
8.756360988736925647e+05
8.830334098009695299e+05
8.905229575111531885e+05
8.979656382775340462e+05
9.054071810107206693e+05
9.128728172687890474e+05
9.202770431410692399e+05
9.277267578674161341e+05
9.352731273023425601e+05
9.428134338552309200e+05
9.502485485642774729e+05
9.577208022583904676e+05
9.653058031367822550e+05
9.729231220722855069e+05
9.805279307467059698e+05
9.881663084565309109e+05
9.958115495072257472e+05
1.003508563554746797e+06
1.011206869931537774e+06
1.018927720839728718e+06
1.026760558890041546e+06
1.034674760356190731e+06
1.042452286405079649e+06
1.050346085096336203e+06
1.058243200578738237e+06
1.066347456180122681e+06
1.074476068958682939e+06
1.082594174770826474e+06
1.090697443920107558e+06
1.098914858547897311e+06
1.107178615353372646e+06
1.115495599468792323e+06
1.123935062597154640e+06
1.132404540272774408e+06
1.140962169985618675e+06
1.149631317974018864e+06
1.158280455860848306e+06
1.167053768059540540e+06
1.175925545750385383e+06
1.184890597559795016e+06
1.193953459838059731e+06
1.203120799903075444e+06
1.212326715619869065e+06
1.221682750641960418e+06
1.231146798338109860e+06
1.240589765417985618e+06
1.250246224776497344e+06
1.260122590376975480e+06
1.270081853896398563e+06
1.280018015492088394e+06
1.290175480172052048e+06
1.300470296498202719e+06
1.310914526483149501e+06
1.321513042066507973e+06
1.332243992148592835e+06
1.343240852991160238e+06
1.354323137966510141e+06
1.365516187799874227e+06
1.376835683924605139e+06
1.388527088108594297e+06
1.400325839664996834e+06
1.412435009516336955e+06
1.424517298384847585e+06
1.437020439258115366e+06
1.449786265225177398e+06
1.462788226779800141e+06
1.475973406679945067e+06
1.489409061137620592e+06
1.502940997272867477e+06
1.517022095796006266e+06
1.531510283205489628e+06
1.546094886308671907e+06
1.561189285416657571e+06
1.576463553512946004e+06
1.592063512786630541e+06
1.608098609422007110e+06
1.624496978081640787e+06
1.641566839139319025e+06
1.658828723596423166e+06
1.676532478829498868e+06
1.694913238328578416e+06
1.713970776150978403e+06
1.733254001257386757e+06
1.753090667633652920e+06
1.773803592209937749e+06
1.795086504938912578e+06
1.816659789418610279e+06
1.839398889737105463e+06
1.862594102434137370e+06
1.886880449293133104e+06
1.911839284060529666e+06
1.937396720901879016e+06
1.963757848581066588e+06
1.991356322885458823e+06
2.019509959713537944e+06
2.048751326214594766e+06
2.078963660686936462e+06
2.110247650180672295e+06
2.141658304384945892e+06
2.174074836825546809e+06
2.206928518301784992e+06
2.239521544625094160e+06
