4.497994319291199333e-03
4.483783960194476746e-03
4.466439489912097868e-03
4.450374464633658801e-03
4.432514148529010517e-03
4.410542937007812421e-03
4.393588466508980238e-03
4.373481732321145808e-03
4.354067148445905401e-03
4.337964302294583172e-03
4.320355963207263630e-03
4.300540812208058887e-03
4.282030847104723210e-03
4.263991356265766849e-03
4.245439374000421068e-03
4.228138894711136984e-03
4.209371700898062625e-03
4.192104998146189282e-03
4.174088207043712313e-03
4.156274670268649343e-03
4.138779896661525827e-03
4.119864831455191147e-03
4.102016496715042357e-03
4.084374747172502679e-03
4.066260765073823231e-03
4.048722595220330747e-03
4.029857990121100964e-03
4.012155798289796134e-03
3.994296587887809225e-03
3.975999972230134967e-03
3.957627874719352526e-03
3.939560321977217394e-03
3.921451053545989100e-03
3.903390070034813957e-03
3.885574703995562512e-03
3.867416172685698029e-03
3.849396352705097921e-03
3.830782578838893941e-03
3.813070585894320907e-03
3.795343027608846266e-03
3.777281966836026992e-03
3.759009135889293529e-03
3.740905203684450481e-03
3.722797744162923035e-03
3.704608570780354264e-03
3.686658078954229215e-03
3.668537692997644439e-03
3.650462701035009274e-03
3.632592654963982381e-03
3.614595814784758721e-03
3.596558518680164490e-03
3.578364423373782324e-03
3.560371657583071003e-03
3.542192918286482441e-03
3.523913140760909484e-03
3.506014269159596526e-03
3.488146633888960114e-03
3.470283875988096085e-03
3.451825011942356337e-03
3.433753589110141204e-03
3.415678361981203809e-03
3.397576894982359732e-03
3.379455033909654557e-03
3.361553222656606024e-03
3.343455152374051696e-03
3.325169790966577173e-03
3.307187281140166329e-03
3.289170027512164102e-03
3.271115768932801333e-03
3.253237081688289782e-03
3.235121383870823240e-03
3.216887482247091957e-03
3.198670407363901538e-03
3.180713962879081966e-03
3.162515228136292267e-03
3.144690821330410700e-03
3.126579143985598174e-03
3.108451026697682182e-03
3.090566770683670413e-03
3.072308210612262596e-03
3.054247881515969546e-03
3.036116349077428150e-03
3.017916734822721162e-03
2.999964675120257804e-03
2.981855811853116253e-03
2.963821274771285316e-03
2.945894829022164402e-03
2.927683226892968324e-03
2.909690730505939526e-03
2.891462634973447979e-03
2.873443278547763245e-03
2.855334405806427694e-03
2.837341621404714746e-03
2.819376429217645540e-03
2.801294311027082307e-03
2.783145962283249935e-03
2.765004007475397631e-03
2.747029366346302043e-03
2.728982419492604304e-03
2.710911886854747935e-03
2.692802890597952806e-03
2.674716072605540663e-03
2.656522018290363718e-03
2.638477727015790201e-03
2.620477341188311941e-03
2.602342686351344792e-03
2.584380548274643405e-03
2.566216418630826255e-03
2.548235959650285275e-03
2.530297088626909992e-03
2.511918988019002687e-03
2.494042733496276004e-03
2.476005982041528265e-03
2.457852104312737221e-03
2.439975731236885756e-03
2.421651124171477279e-03
2.403557188339523840e-03
2.385699267155957752e-03
2.367489232595323609e-03
2.349429757384721013e-03
2.331421632076781294e-03
2.313141191484019074e-03
2.295046677975352747e-03
2.277219346069574071e-03
2.258900731708875231e-03
2.240933684412064857e-03
2.223121890379417542e-03
2.204888300011384993e-03
2.186706711251432383e-03
2.168545912905617441e-03
2.150550473648743695e-03
2.132678299055107331e-03
2.114634307530915882e-03
2.096563554846465286e-03
2.078422028122600077e-03
2.060310730951335576e-03
2.042150154573142869e-03
2.024137920024701460e-03
2.006082761486848148e-03
1.987992510220236344e-03
1.969813107829021265e-03
1.951738434158435719e-03
1.933738485474437944e-03
1.915588538350355583e-03
1.897520138297495830e-03
1.879529152275364635e-03
1.861442225836305213e-03
1.843223672937370494e-03
1.825358095415466125e-03
1.807370762138339618e-03
1.789157222373538407e-03
1.771082378261979460e-03
1.752993936501257618e-03
1.734874105039660528e-03
1.716903942389480129e-03
1.698919317677387774e-03
1.680679791026134162e-03
1.662511710393403371e-03
1.644664827381004096e-03
1.626753089802439670e-03
1.608564589906833929e-03
1.590379502292097076e-03
1.572300112509463117e-03
1.554201709512003466e-03
1.536170120550665484e-03
1.518080753325429808e-03
1.500078733460855594e-03
1.482041026762173988e-03
1.463884034697504784e-03
1.445619740101901406e-03
1.427764402851767556e-03
1.409732795239809463e-03
1.391904824496274654e-03
1.373501659131228176e-03
1.355269118382089379e-03
1.337198459604065472e-03
1.319263709979392758e-03
1.301218437151427289e-03
1.283197459893903368e-03
1.265178038528117594e-03
1.247063785478243723e-03
1.229012279128321398e-03
1.210893872806154603e-03
1.192748324322877133e-03
1.174789822600605339e-03
1.156732386097676559e-03
1.138615069516236457e-03
1.120548025321150198e-03
1.102458970377593987e-03
1.084337971073590350e-03
1.066326540129355340e-03
1.048159247532022770e-03
1.030020110136341000e-03
1.012209170629296525e-03
9.941322974173713318e-04
9.759314395885237622e-04
9.576630980930463631e-04
9.397847348786169839e-04
9.218025203253387995e-04
9.037038697213558647e-04
8.855700450558022085e-04
8.674696187284648913e-04
8.494140802775008428e-04
8.312209233741837825e-04
8.131890548791047019e-04
7.951663144817943752e-04
7.772546101908906629e-04
7.590532654491565639e-04
7.410359836568916397e-04
7.227746905401877774e-04
7.049403525631071097e-04
6.868736138683074859e-04
6.686447431181018067e-04
6.504492746002944270e-04
6.324408470430669359e-04
6.144717979128858348e-04
5.965662885083956478e-04
5.783369674581306840e-04
5.601131088434673291e-04
5.420113879990584582e-04
5.238689936759632687e-04
5.059445385608343088e-04
4.878993924305527604e-04
4.699402728489874529e-04
4.519183438498562948e-04
4.335427235639109124e-04
4.155018082802548795e-04
3.975294645440903508e-04
3.794583253414131503e-04
3.613709289139149360e-04
3.432894374349839458e-04
3.252891944672825909e-04
3.073522173258136435e-04
2.891446154093936060e-04
2.709785883483534414e-04
2.529457222699280279e-04
2.349287915937910295e-04
2.168908837409649210e-04
1.986724304158218239e-04
1.805357052615616130e-04
1.629990383315743944e-04
1.447144514278083532e-04
1.263392894853164667e-04
1.082756621999124473e-04
9.094105313515101906e-05
7.291050070475275664e-05
5.390168101626589283e-05
3.639714012592545444e-05
1.839048470979217216e-05
2.871404937052781335e-06
