8.113871796611820173e+03
1.570687907068091154e+05
2.983326958425474586e+05
4.354135315222167992e+05
5.672820926888249815e+05
6.965060737689153757e+05
8.202236254800381139e+05
9.391611298447217559e+05
1.055040761554235360e+06
1.166355759677611990e+06
1.272710519373096060e+06
1.373466164198206039e+06
1.468548556067813421e+06
1.557045717933660373e+06
1.638220242989291903e+06
1.710867604426124832e+06
1.773258289384453092e+06
1.827967639296246227e+06
1.872550830447725952e+06
1.911452102685751626e+06
1.942340522930504521e+06
1.964225712279603118e+06
1.983387580609647324e+06
1.998327786772867665e+06
2.008889203287955374e+06
2.017000150395429926e+06
2.022197498587015551e+06
2.025859284470380517e+06
2.029023449303169735e+06
2.031269260508457664e+06
2.032549056816610740e+06
2.033518351903660689e+06
2.033947371819087304e+06
2.034563657125567552e+06
2.034566475350802997e+06
2.034222265868690563e+06
2.034133642000244930e+06
2.033968926165806130e+06
2.033868100712110056e+06
2.033674815786833875e+06
2.033604910611462314e+06
2.033478271969586145e+06
2.033374079455435276e+06
2.033327978721155552e+06
2.033270390076778829e+06
2.033377437678171555e+06
2.033558863577459240e+06
2.033818252176177688e+06
2.034080198524270905e+06
2.034323311249399558e+06
2.034700344031262677e+06
2.035112408379067201e+06
2.035561970195960952e+06
2.036094039214535849e+06
2.036714240470697405e+06
2.037357978131671436e+06
2.038054964543889975e+06
2.038752046691436321e+06
2.039575984462156659e+06
2.040432675757718273e+06
2.041329380736599676e+06
2.042281602910082322e+06
2.043292979754300322e+06
2.044346882720782189e+06
2.045438624359259382e+06
2.046597790215965360e+06
2.047792445729749743e+06
2.049034892247262178e+06
2.050330245645764982e+06
2.051632906231332803e+06
2.053015450706535717e+06
2.054467571742875967e+06
2.055954924813008169e+06
2.057465353843447054e+06
2.059038684210713487e+06
2.060616887442098930e+06
2.062278691918795463e+06
2.063978952780437190e+06
2.065696931652584113e+06
2.067493260067218682e+06
2.069311151527618058e+06
2.071188148636969039e+06
2.073095051732019056e+06
2.075045435842087260e+06
2.077046230459431885e+06
2.079056236523071770e+06
2.081120025517285103e+06
2.083254491197452648e+06
2.085413179379838519e+06
2.087620640108935069e+06
2.089852969948694576e+06
2.092131509400040144e+06
2.094471437906801701e+06
2.096820180642171530e+06
2.099229518840885721e+06
2.101680370335914195e+06
2.104172126232147682e+06
2.106713346044866834e+06
2.109280183247492183e+06
2.111895691845369991e+06
2.114561229731384199e+06
2.117265741649329662e+06
2.120018041775212623e+06
2.122806509598059580e+06
2.125629581247891765e+06
2.128495657284631394e+06
2.131401593280928675e+06
2.134379720147965010e+06
2.137369910127204377e+06
2.140385999611197971e+06
2.143514270638340618e+06
2.146633520161984023e+06
2.149805055738623254e+06
2.153029724860180635e+06
2.156262091890567914e+06
2.159610762984822504e+06
2.162986521620339248e+06
2.166361165812450927e+06
2.169821546918984037e+06
2.173321710003185086e+06
2.176854126837232150e+06
2.180480038517597597e+06
2.184134155054720584e+06
2.187792447126196697e+06
2.191565100423016120e+06
2.195333886022910941e+06
2.199143506564516108e+06
2.203050233306462411e+06
2.207018437500050291e+06
2.211033487197824288e+06
2.215061937863503583e+06
2.219122688516851980e+06
2.223271645067298785e+06
2.227485984767145943e+06
2.231744691006947774e+06
2.236071155653372873e+06
2.240467834047192708e+06
2.244879663475942798e+06
2.249367743783303071e+06
2.253923557163916994e+06
2.258555804235763382e+06
2.263225723243519664e+06
2.267940329693314154e+06
2.272742397220203187e+06
2.277596500452265609e+06
2.282502924708138686e+06
2.287483631779390853e+06
2.292574359916046727e+06
2.297631278809608426e+06
2.302789836703571957e+06
2.308080665760490578e+06
2.313405665299041197e+06
2.318798489327587653e+06
2.324282265035220888e+06
2.329781065228117630e+06
2.335385026132408064e+06
2.341124809963684063e+06
2.346915315147127956e+06
2.352697576207868289e+06
2.358582226731903851e+06
2.364603460308630951e+06
2.370733490918858908e+06
2.376915351553237066e+06
2.383174734182156157e+06
2.389523490272406023e+06
2.395988414610912092e+06
2.402503974724350497e+06
2.409093288302591536e+06
2.415848619341667276e+06
2.422755901499789208e+06
2.429594160326795653e+06
2.436595944750014227e+06
2.443664827629317995e+06
2.450974118815250229e+06
2.458379206400512718e+06
2.465848808487268630e+06
2.473352437758657150e+06
2.481015773438100237e+06
2.488798871777507011e+06
2.496694328980946913e+06
2.504768629346971866e+06
2.512920173224099912e+06
2.521227989492830355e+06
2.529713322462233249e+06
2.538225397901553195e+06
2.546923171968869865e+06
2.555773780873232521e+06
2.564809169429841451e+06
2.573983479431706946e+06
2.583316599592811428e+06
2.592758642567303497e+06
2.602400018501777668e+06
2.612207272173264995e+06
2.622089438467208296e+06
2.632225247011124156e+06
2.642667156106665265e+06
2.653237319678511005e+06
2.663852090713969897e+06
2.674758647311843932e+06
2.685868200060659088e+06
2.697183681285011116e+06
2.708736124289828818e+06
2.720486372109293006e+06
2.732583141463112086e+06
2.744834129602261353e+06
2.757247412722274195e+06
2.769852558296126314e+06
2.782928101549928077e+06
2.796174727592404000e+06
2.809810530319686513e+06
2.823470233116706833e+06
2.837649285097009502e+06
2.852164908144513145e+06
2.866983403825393412e+06
2.882066729933605995e+06
2.897469617029216606e+06
2.913001688342827838e+06
2.929206953149346169e+06
2.945903446865400765e+06
2.962731563897260465e+06
2.980167026243996806e+06
2.997836806392166298e+06
3.015878679183059838e+06
3.034427960648612585e+06
3.053408901887951884e+06
3.073145753338538576e+06
3.093101591014491860e+06
3.113516347030221950e+06
3.134678905317023396e+06
3.156563901884214953e+06
3.178671781730074901e+06
3.201352655854808632e+06
3.224917116538239177e+06
3.249024965697637759e+06
3.273409706675264053e+06
3.298902282427282538e+06
3.324774355754258111e+06
3.351661113612192217e+06
3.379126756138497964e+06
3.407037387267668732e+06
3.435580416883432772e+06
3.465150619587073568e+06
3.495065831233749166e+06
3.525828289752605371e+06
3.557281213930767030e+06
3.589473749588774983e+06
3.621587681690839585e+06
3.654366565688170027e+06
3.687383862485919148e+06
3.720026653670354281e+06
