5.786715485476690967e-04
5.771309143852125382e-04
5.750391165483916597e-04
5.733430074949729879e-04
5.710967510912618806e-04
5.677357549920565962e-04
5.656449332152080388e-04
5.630895795078563228e-04
5.605213781973571348e-04
5.588684128297503276e-04
5.567591575688635424e-04
5.537480264047934565e-04
5.513100343843177183e-04
5.488474215523839140e-04
5.460642281489310303e-04
5.440539857998148970e-04
5.412133136638557634e-04
5.391762099257724466e-04
5.368484962107156720e-04
5.343850029205283623e-04
5.322819383986222711e-04
5.298071978471428347e-04
5.276271320543246372e-04
5.254550893633568595e-04
5.231543469027138699e-04
5.210178689155683246e-04
5.186073015023264995e-04
5.163052094677353637e-04
5.139318311046537626e-04
5.116410182249048373e-04
5.092418747402958348e-04
5.068798596555516150e-04
5.045552092162353293e-04
5.022572392140954578e-04
5.000059800272522569e-04
4.976254153849280805e-04
4.953014196209966618e-04
4.929126839723128959e-04
4.906233555020761633e-04
4.883586128163533695e-04
4.860300351455122399e-04
4.836773244644395394e-04
4.813514599415329187e-04
4.790175990257233233e-04
4.766783531326793675e-04
4.743645348477674886e-04
4.720343926724323040e-04
4.697157846682682930e-04
4.674160938857146444e-04
4.650993903162837563e-04
4.627774138124071831e-04
4.604382579201504863e-04
4.581217746612430033e-04
4.557839329976890591e-04
4.534284117835357870e-04
4.511259690874379834e-04
4.488269411838911199e-04
4.465290538857379738e-04
4.441547742079847124e-04
4.418290941586537211e-04
4.395030716421712501e-04
4.371748592094501420e-04
4.348417629696564677e-04
4.325381933815482943e-04
4.302104728154266654e-04
4.278581365593796715e-04
4.255448881488990741e-04
4.232256534128440691e-04
4.209026330966448410e-04
4.186035729138836824e-04
4.162725844425329723e-04
4.139257641234071728e-04
4.115817487270247719e-04
4.092716851389738265e-04
4.069299222248075809e-04
4.046369865434597105e-04
4.023064445777713052e-04
3.999735636053068752e-04
3.976729208038568388e-04
3.953236325567447188e-04
3.929997890975125345e-04
3.906668174510096229e-04
3.883252448701137892e-04
3.860152814768383887e-04
3.836854278569150822e-04
3.813648502235164042e-04
3.790584052253974422e-04
3.767150324877513814e-04
3.744001380382026064e-04
3.720548550282874560e-04
3.697362333874164471e-04
3.674061782847696232e-04
3.650911570482815024e-04
3.627797072290479797e-04
3.604532166172666040e-04
3.581180929512513397e-04
3.557836001000686281e-04
3.534709401733032393e-04
3.511490038510794304e-04
3.488238817689426970e-04
3.464939551914137761e-04
3.441666253472386435e-04
3.418255476730546675e-04
3.395039589901350835e-04
3.371879533582754305e-04
3.348545440862778113e-04
3.325435471395308705e-04
3.302064313397710732e-04
3.278929319557332181e-04
3.255847567009323472e-04
3.232198864189651084e-04
3.209201276084698356e-04
3.185994371816911071e-04
3.162634333167767243e-04
3.139632433447012171e-04
3.116054441879656609e-04
3.092774116748801664e-04
3.069798960110682140e-04
3.046365706886950330e-04
3.023128720992674236e-04
2.999959533409653103e-04
2.976438205634330614e-04
2.953156493484199651e-04
2.930219291990404911e-04
2.906647105746431735e-04
2.883529649191682960e-04
2.860616058929566267e-04
2.837152752566728456e-04
2.813756930697218885e-04
2.790392793044327953e-04
2.767238926598466348e-04
2.744243601606403526e-04
2.721027892270982572e-04
2.697776888884495018e-04
2.674433224032030055e-04
2.651127082747145049e-04
2.627760830775353494e-04
2.604583874240590669e-04
2.581353712496153537e-04
2.558077796181884600e-04
2.534683988009624883e-04
2.511428778476527393e-04
2.488270457251846196e-04
2.464914398573169602e-04
2.441665504713240475e-04
2.418520423253045851e-04
2.395247681196529177e-04
2.371804544043239313e-04
2.348818399236147797e-04
2.325675620368743818e-04
2.302240619357234330e-04
2.278985848446750276e-04
2.255709702676286083e-04
2.232394263052144858e-04
2.209267822458938792e-04
2.186132294361968638e-04
2.162661446570974231e-04
2.139286190573837807e-04
2.116326616773329700e-04
2.093281605707253076e-04
2.069875905774240705e-04
2.046473047945128920e-04
2.023209694410915856e-04
1.999924742116119733e-04
1.976725137400489835e-04
1.953446835603283953e-04
1.930287412815337238e-04
1.907074956783738097e-04
1.883714542544419801e-04
1.860211583955367583e-04
1.837238743134237458e-04
1.814036671686073722e-04
1.791114884674743681e-04
1.767419063224709647e-04
1.743956244513493665e-04
1.720705350529981614e-04
1.697628822950439961e-04
1.674415278744658981e-04
1.651229437658762085e-04
1.628039226927373664e-04
1.604732646048197514e-04
1.581509049015606609e-04
1.558189143021650430e-04
1.534841164451446335e-04
1.511737877685893450e-04
1.488505035786359166e-04
1.465191159395255152e-04
1.441938300504895033e-04
1.418666760555153212e-04
1.395354568547224670e-04
1.372176895775840239e-04
1.348796743229742974e-04
1.325462155443378183e-04
1.302543580707492157e-04
1.279287452173297115e-04
1.255870291622258590e-04
1.232348671224377430e-04
1.209348136222713132e-04
1.186225733358020422e-04
1.162927946149672811e-04
1.139589442973774701e-04
1.116298580219817773e-04
1.093062358929117986e-04
1.069652210454836105e-04
1.046457144602335815e-04
1.023259928013695101e-04
1.000209320925782319e-04
9.767938043969505760e-05
9.536148769716783083e-05
9.301059938559335587e-05
9.071610871377392142e-05
8.839297549281517705e-05
8.604620720418174604e-05
8.370479961999582430e-05
8.138732367464185629e-05
7.907611639901553449e-05
7.677098404447264184e-05
7.442408839422155287e-05
7.207973495338193862e-05
6.974999793965131064e-05
6.741652024236332826e-05
6.511052925023747191e-05
6.278830231529852312e-05
6.047728746338405347e-05
5.815865185316836127e-05
5.579299564421739185e-05
5.347172182293816921e-05
5.115755312125703987e-05
4.883357141585371907e-05
4.650709313949341915e-05
4.417854233457490945e-05
4.186247640135723328e-05
3.955509406422891635e-05
3.721224453476060684e-05
3.487382607808021793e-05
3.255303085472871619e-05
3.023474491036452067e-05
2.791366456186169907e-05
2.557055039523889058e-05
2.323423028377963632e-05
2.097717649735190266e-05
1.862565017025510992e-05
1.626078195506538935e-05
1.393694728714289746e-05
1.170620750376933763e-05
9.385888000678273369e-06
6.938497648614467006e-06
4.686004843469429469e-06
2.368795200184626965e-06
3.707662183748539241e-07
